# USGS 10-m Digital Elevation Model (DEM): Hawaii: Oahu, served by PacIOOS ERDDAP (dataset usgs_dem_10m_oahu),
# Honolulu district subset, every 14th cell (index constraint [0:14:1136][4330:14:5410]); retrieved 2026-09-26.
# Grid: 82 rows (latitude 21.359800109725995 N, descending by 0.0012963700091184194 deg) x 78 columns
# (longitude -157.87997352873597 E, ascending by 0.0012963700091290775 deg); values are elevation / 5 m, rounded;
# "wN" = N cells without data (ocean). Each row ends with "# <land cells> <sum of values>" as a checksum.
r0 26 22 17 19 28 44 38 30 30 48 53 59 64 65 62 62 52 35 31 26 22 21 25 27 32 41 40 45 53 49 57 52 64 73 82 94 93 79 91 99 103 113 111 100 95 97 81 77 79 95 102 89 81 73 69 70 66 64 64 61 61 65 66 69 72 77 77 91 109 128 147 169 153 149 129 105 86 71 # 78 5464
r1 15 14 15 30 41 29 25 29 49 49 52 53 52 56 68 57 40 29 26 22 20 23 27 31 37 52 61 61 68 68 65 74 80 88 77 87 80 85 97 104 100 107 96 94 76 77 65 68 78 74 81 87 70 69 66 68 69 65 61 61 64 65 67 71 75 79 92 108 130 157 172 189 161 147 101 83 74 63 # 78 5466
r2 11 23 30 35 26 21 28 34 44 37 45 51 58 63 59 53 29 26 24 20 22 27 29 39 46 64 76 79 71 68 76 68 66 69 72 75 86 97 94 101 107 88 80 77 67 61 60 63 65 66 76 70 65 63 68 68 66 61 61 62 64 65 68 74 78 86 112 132 147 167 188 187 158 136 88 77 64 55 # 78 5382
r3 27 29 21 20 19 24 36 32 34 45 56 58 52 53 43 43 24 21 21 18 25 33 40 40 55 71 67 64 61 55 59 58 66 74 75 88 99 94 98 105 103 85 66 62 60 56 61 56 59 60 62 63 60 64 65 63 62 61 61 63 65 67 73 78 84 96 129 147 164 162 177 178 154 132 92 76 66 54 # 78 5289
r4 16 16 15 18 30 29 25 34 42 50 51 48 50 43 32 28 20 16 20 23 27 36 54 60 58 55 46 44 41 55 56 64 76 93 89 99 93 91 98 89 94 81 64 59 55 60 54 54 55 55 56 59 60 62 62 61 61 61 61 63 69 70 78 81 87 124 139 151 151 157 170 184 148 131 88 72 60 54 # 78 5181
r5 12 15 21 21 19 27 35 40 42 41 43 41 44 29 23 21 15 18 20 25 33 48 57 47 38 35 37 50 53 67 71 80 88 100 99 90 89 81 77 89 80 73 59 55 51 51 51 52 53 54 57 58 59 60 61 61 61 61 62 66 79 80 85 94 112 119 137 139 144 164 184 177 157 135 95 76 60 51 # 78 5154
r6 15 14 15 18 26 31 34 35 37 34 39 42 30 20 19 17 16 17 22 27 36 52 38 35 32 45 50 66 72 80 79 84 91 95 87 83 76 64 71 86 66 59 53 51 48 49 49 50 51 54 56 57 58 59 60 60 61 62 64 70 90 94 95 112 122 122 127 140 155 163 172 157 134 114 87 68 57 49 # 78 5025
r7 10 12 19 25 22 30 33 33 31 32 34 35 20 16 16 15 16 19 22 29 41 32 28 29 40 53 65 78 72 68 80 78 81 79 81 71 59 63 69 69 54 52 49 46 46 47 49 49 51 52 54 57 57 58 59 60 61 63 67 78 92 106 118 129 122 123 139 135 145 150 171 144 119 100 62 57 50 43 # 78 4819
r8 11 18 17 20 24 23 28 28 29 24 28 20 15 15 14 12 17 24 30 29 22 24 30 43 57 66 65 68 61 75 70 66 73 79 67 57 51 55 66 53 47 45 43 44 44 45 47 49 49 49 49 55 57 59 60 63 64 65 67 78 92 112 109 107 113 128 121 132 136 153 165 143 121 101 59 58 49 46 # 78 4598
r9 12 11 18 17 17 23 27 26 17 17 15 14 13 13 11 16 19 20 20 20 25 33 47 57 57 55 56 52 59 62 62 76 76 59 49 46 49 70 47 43 40 39 41 42 42 44 46 47 48 48 57 60 61 63 65 65 68 75 80 85 85 98 114 122 126 107 128 125 133 149 156 137 109 89 64 61 50 43 # 78 4438
r10 7 12 16 16 21 25 27 19 13 13 12 12 12 9 15 14 15 17 21 25 31 47 47 50 45 43 53 61 65 69 76 65 57 44 41 41 54 53 40 36 36 38 40 39 39 42 43 48 51 53 57 63 64 66 68 76 80 84 89 109 117 123 130 117 104 104 118 130 144 138 152 140 113 77 66 59 52 39 # 78 4447
r11 7 8 10 16 17 15 12 11 11 11 10 10 11 13 14 16 19 23 34 40 42 41 34 39 48 59 67 70 72 62 54 46 39 36 37 48 64 38 34 33 36 37 38 42 45 48 48 53 56 59 64 68 71 74 81 79 93 100 105 121 127 127 104 103 95 117 135 129 126 143 141 135 100 70 60 54 48 43 # 78 4446
r12 7 7 10 12 11 9 9 9 10 9 7 11 12 14 15 17 30 23 25 27 32 38 44 54 58 58 64 64 52 44 36 33 32 32 39 52 39 33 31 33 33 34 39 43 49 55 65 59 61 67 75 84 92 87 93 103 98 101 106 101 86 114 96 82 105 125 117 117 125 124 135 144 106 80 65 56 53 47 # 78 4364
r13 6 7 8 8 8 8 9 9 9 7 10 11 13 16 22 19 23 30 39 41 46 50 52 52 51 58 64 50 36 32 29 29 29 35 36 32 30 29 30 32 34 37 42 47 53 64 74 85 81 82 91 107 115 109 104 99 95 94 82 74 81 84 74 87 113 102 103 116 116 128 146 147 113 81 71 63 56 50 # 78 4405
r14 6 6 7 7 7 7 7 8 6 9 10 12 16 15 17 24 35 39 43 45 46 43 45 50 55 58 59 40 29 27 25 26 26 28 27 26 27 29 28 32 36 38 43 55 58 82 96 107 101 95 96 98 101 98 96 91 85 74 65 62 68 65 50 80 84 87 113 108 115 131 129 138 123 95 77 69 60 55 # 78 4276
r15 6 6 6 6 6 6 6 6 8 9 9 12 12 17 24 30 33 36 40 41 38 43 47 49 49 52 53 32 24 24 25 24 24 23 24 25 26 26 29 33 37 44 45 59 80 90 93 98 84 84 85 88 92 96 96 94 66 60 52 52 56 55 44 49 63 103 96 92 114 116 107 128 134 124 98 75 66 58 # 78 4062
r16 5 5 5 5 5 5 6 8 8 8 9 10 14 20 26 30 30 31 35 33 36 41 41 42 47 47 40 29 21 21 22 21 21 23 24 25 25 25 29 34 38 43 56 70 87 77 92 84 81 82 85 91 103 106 102 77 66 46 43 44 51 45 40 50 67 71 72 90 111 102 108 114 112 114 121 108 93 80 # 78 3934
r17 4 5 5 5 4 6 6 7 7 8 8 10 17 20 23 23 24 27 27 30 36 36 40 43 35 27 23 21 19 20 21 20 22 23 23 24 25 23 29 35 41 54 61 73 82 64 75 77 77 81 87 98 112 113 105 72 59 48 39 41 45 42 36 49 52 48 74 93 94 88 98 111 100 111 116 130 119 111 # 78 3787
r18 3 3 3 4 5 6 6 6 7 7 8 11 12 15 17 18 17 19 22 27 32 36 38 32 21 20 20 19 17 18 18 21 22 23 24 24 24 27 32 42 59 68 81 79 67 63 71 76 78 84 96 105 122 120 107 76 61 47 40 34 38 37 32 36 42 62 58 63 78 82 96 93 81 98 110 125 134 138 # 78 3663
r19 3 2 3 4 5 5 6 6 6 5 6 6 8 9 10 12 14 19 23 30 31 32 29 19 18 19 18 17 17 19 20 20 21 21 22 23 19 29 42 59 66 68 65 62 51 60 64 77 80 88 102 117 113 112 98 85 58 48 44 34 30 33 31 32 44 39 43 44 56 76 84 76 86 95 104 112 123 135 # 78 3412
r20 2 3 3 4 4 4 5 5 4 4 4 4 4 6 8 10 14 20 24 24 26 28 19 17 17 17 16 16 18 18 18 17 18 16 20 18 21 36 60 64 55 54 48 46 51 61 69 84 87 99 113 114 118 118 102 82 55 42 37 34 29 26 27 30 30 28 37 45 53 61 71 73 74 75 90 114 127 116 # 78 3211
r21 3 3 3 3 4 4 4 4 4 3 3 3 5 7 13 16 19 21 21 21 22 20 16 16 15 15 16 17 17 17 16 16 18 20 23 27 36 52 60 53 40 41 42 51 54 65 84 97 104 112 122 114 108 107 101 78 54 47 34 28 29 27 23 23 25 28 34 33 42 64 59 53 62 71 98 118 106 99 # 78 3133
r22 2 2 2 3 3 3 3 3 2 3 3 3 4 7 13 17 18 18 17 19 17 14 15 15 15 15 16 16 16 16 15 18 23 34 38 47 57 55 42 33 37 40 51 59 67 79 91 87 100 100 105 101 95 101 94 71 53 41 34 29 24 21 22 20 25 27 28 37 45 49 53 59 80 89 106 110 90 93 # 78 3075
r23 2 2 2 2 3 3 3 2 1 2 1 2 3 9 13 11 12 12 13 14 11 13 14 13 13 15 15 15 16 14 22 30 41 47 54 52 48 37 30 35 40 53 69 83 85 82 85 79 81 82 95 96 91 94 89 62 52 37 33 25 22 19 20 19 22 23 26 33 46 43 60 74 87 104 109 92 87 93 # 78 3039
r24 2 2 2 1 2 2 2 1 1 1 1 2 2 4 5 7 8 9 10 9 10 11 12 12 13 14 14 15 13 24 40 46 48 50 40 34 29 26 32 37 54 70 77 81 84 72 70 76 82 91 90 87 94 91 77 53 47 34 27 25 19 17 17 20 24 26 27 29 37 45 57 78 90 108 104 84 76 80 # 78 2913
r25 1 1 1 1 1 1 1 1 1 1 0 1 1 2 3 4 5 6 7 9 10 10 10 11 12 13 14 15 17 30 38 40 42 41 28 21 25 30 40 55 68 74 69 78 74 61 65 80 89 86 81 90 86 90 74 53 40 32 26 22 18 16 17 26 32 37 40 49 48 59 63 73 92 105 94 79 71 71 # 78 2878
r26 1 1 1 1 1 1 0 1 1 1 0 0 1 2 3 4 5 5 6 7 8 9 9 10 12 13 14 12 17 30 35 34 40 28 18 23 28 42 49 65 65 62 70 68 56 52 69 81 77 86 82 84 82 85 83 68 39 28 22 19 17 16 18 31 44 52 48 42 47 56 72 86 101 86 88 66 80 67 # 78 2833
r27 1 1 1 1 1 0 0 0 0 0 1 1 1 2 3 4 4 5 5 6 7 8 8 10 11 12 10 17 26 29 27 33 30 20 18 22 36 49 61 58 55 62 65 54 46 61 77 68 76 80 80 83 81 80 73 49 31 25 18 17 15 16 20 33 47 40 36 41 54 63 75 98 91 74 70 62 62 72 # 78 2679
r28 1 1 1 1 1 0 0 w1 0 1 1 1 1 2 2 3 4 4 5 5 5 7 8 9 10 9 11 22 20 20 25 21 17 16 18 24 37 51 51 50 58 63 47 39 51 68 60 62 71 80 81 79 75 64 50 31 25 20 16 15 15 16 21 35 31 30 40 51 62 78 88 96 81 70 58 58 59 75 # 77 2484
r29 1 1 1 0 0 0 0 0 0 1 1 1 1 2 2 2 4 4 4 4 5 6 6 8 7 8 11 10 10 13 13 14 14 14 16 28 46 49 43 51 56 54 40 43 56 49 52 70 83 83 81 80 52 48 34 22 21 18 15 14 14 15 23 25 27 32 45 54 62 82 83 92 80 62 56 50 60 57 # 78 2291
r30 0 0 0 w1 0 0 0 0 0 1 1 1 1 1 2 2 3 3 3 4 4 4 4 5 8 7 7 8 9 9 11 12 12 15 24 38 43 38 42 52 49 42 32 43 39 58 66 74 88 83 79 73 48 33 25 20 18 15 13 14 14 16 21 24 28 34 43 52 62 63 87 94 79 62 51 47 48 55 # 77 2166
r31 0 0 0 0 0 0 0 0 0 1 1 1 1 1 1 2 3 3 2 3 4 4 5 6 6 6 7 8 8 9 10 11 17 25 34 35 32 37 47 49 35 30 29 36 52 56 58 68 73 75 74 61 34 23 20 17 16 14 13 13 16 20 18 22 26 35 48 47 53 70 92 95 82 66 48 44 51 61 # 78 2070
r32 0 w1 0 0 0 0 0 0 0 0 1 0 0 1 1 1 2 1 2 3 4 4 5 4 5 5 6 7 7 9 13 20 27 29 26 24 30 41 45 43 28 24 28 40 39 47 59 71 66 64 69 48 22 18 17 15 14 13 12 13 16 16 19 22 27 32 34 42 57 74 87 82 65 60 46 46 45 58 # 77 1901
r33 w1 0 w1 0 0 0 0 0 0 0 0 0 0 0 0 0 w1 2 2 3 3 4 5 6 8 10 9 10 10 15 19 19 22 23 18 30 34 39 40 32 22 23 33 32 44 58 63 61 59 62 54 36 18 16 15 13 13 12 12 13 14 16 18 23 26 31 35 43 58 78 86 74 55 45 42 42 47 51 # 75 1806
r34 w3 0 0 0 0 0 0 0 0 0 0 0 0 0 1 1 2 2 3 4 6 8 12 17 17 19 16 18 15 17 18 13 21 28 30 34 34 22 18 30 29 41 49 58 63 64 56 50 35 20 15 13 12 12 12 12 11 12 13 15 19 23 30 37 45 56 68 74 81 68 51 36 39 43 42 49 # 75 1759
r35 w2 0 0 0 0 0 0 0 0 0 0 0 0 0 0 1 1 1 2 3 4 8 10 23 25 23 23 25 19 13 11 10 13 19 24 28 30 28 18 16 22 35 47 58 64 60 53 44 30 20 15 12 11 11 11 11 11 11 12 14 17 19 25 37 52 63 70 73 59 64 54 41 35 40 39 49 48 # 76 1715
r36 w3 0 0 0 0 0 0 0 w2 1 1 1 1 1 1 2 2 3 5 8 13 27 23 21 22 24 17 9 8 8 15 19 18 25 27 18 15 20 33 46 56 61 49 44 39 33 26 17 14 11 10 10 10 11 11 11 12 15 17 21 26 36 53 78 64 53 53 53 40 34 34 34 43 47 37 # 73 1597
r37 w1 0 w2 0 0 0 0 0 0 w2 1 1 1 1 1 1 2 2 2 4 8 17 27 23 21 21 22 14 9 7 9 15 12 18 23 25 14 15 28 37 45 53 47 37 32 29 21 17 14 13 10 10 10 10 10 10 11 12 16 18 21 28 40 55 74 55 43 51 41 34 31 33 39 42 33 40 # 73 1466
r38 0 0 0 0 w2 0 0 w1 0 w2 0 1 1 1 1 1 2 2 2 4 7 11 17 27 22 15 13 10 7 6 7 9 10 17 20 18 12 15 23 29 37 44 36 26 21 19 17 16 12 12 11 10 10 10 10 10 10 12 15 19 25 37 56 73 72 53 38 36 33 31 31 30 45 32 34 44 # 73 1337
r39 0 0 0 0 0 w8 1 1 1 1 1 1 1 2 4 6 9 12 15 13 12 9 10 6 5 6 7 9 11 11 11 10 13 18 23 31 29 21 18 17 15 15 14 11 12 11 10 10 9 9 9 10 12 17 24 36 39 58 76 71 55 34 31 29 28 26 37 39 27 33 41 # 70 1193
r40 0 0 0 0 0 w6 0 0 0 1 1 1 1 1 1 1 3 5 7 9 10 10 10 9 7 6 4 5 5 6 7 8 8 7 12 17 20 23 17 16 15 14 12 11 11 11 11 11 9 9 9 9 10 13 19 30 41 54 63 64 68 60 48 29 27 25 24 31 51 31 28 35 53 # 72 1174
r41 0 0 0 0 0 0 0 w4 0 0 0 0 1 1 1 1 1 1 2 4 5 6 6 6 6 6 4 4 4 4 4 5 5 6 6 8 10 12 16 15 13 13 13 13 10 11 12 12 10 9 9 9 9 12 17 29 39 51 59 61 66 66 59 39 31 23 23 22 23 36 50 27 27 34 46 # 74 1133
r42 0 0 0 0 0 0 0 w5 0 0 0 1 1 1 1 1 1 1 2 3 3 4 4 4 3 3 3 3 3 4 4 5 5 5 6 7 9 11 13 13 12 12 11 10 10 10 9 8 8 9 7 14 25 38 50 54 53 56 63 65 60 42 29 23 20 19 19 27 37 32 22 29 34 47 # 73 1088
r43 0 0 0 0 0 0 0 0 w4 0 0 0 0 1 1 1 1 1 1 1 1 2 2 2 2 2 2 2 2 3 3 4 4 4 4 5 6 7 11 18 15 13 10 9 8 9 7 7 7 8 9 18 31 44 49 51 46 52 55 57 61 55 35 23 18 16 18 20 21 22 21 25 30 35 57 # 74 1055
r44 0 0 0 0 0 0 0 0 w4 0 0 0 0 0 0 0 0 0 0 1 1 1 1 1 1 1 2 2 2 2 3 3 3 4 4 4 5 7 10 13 10 9 9 9 9 7 6 6 7 8 9 22 39 44 42 41 44 48 49 56 55 42 27 17 15 15 18 18 19 19 22 27 31 41 41 # 74 952
r45 0 0 0 0 0 0 0 0 0 w3 0 0 0 0 0 0 0 0 0 0 0 1 1 1 1 1 1 1 1 2 2 2 2 3 3 3 3 4 5 7 9 10 9 9 8 8 6 6 6 7 6 16 33 37 38 34 37 41 42 48 50 40 28 17 14 14 15 15 16 21 25 28 40 48 46 30 # 75 901
r46 w5 0 0 0 w3 0 0 0 0 0 0 0 0 0 0 0 0 0 0 0 1 1 1 1 1 1 2 2 2 2 3 2 2 2 2 3 5 7 6 6 6 6 5 5 6 7 11 28 29 32 29 32 38 39 40 45 33 23 16 13 13 13 15 19 25 33 42 36 55 54 34 30 # 70 864
r47 w7 0 w2 0 0 0 0 0 0 0 0 0 0 0 0 0 0 0 0 0 1 1 1 1 1 1 2 2 2 2 2 2 2 2 1 2 3 4 4 5 5 4 4 5 5 16 26 22 21 26 33 34 34 39 38 22 14 13 12 12 15 19 35 47 58 63 62 60 47 26 33 # 69 891
r48 w9 0 0 0 0 0 0 0 0 0 0 0 0 0 0 0 0 0 0 0 0 1 1 1 1 1 1 1 1 1 1 1 1 1 1 2 3 4 4 4 3 4 5 4 15 14 15 25 28 28 28 35 37 27 14 12 11 11 12 17 29 46 58 59 59 64 56 35 23 36 # 69 841
r49 w9 0 0 0 0 0 0 0 0 0 0 0 0 0 0 0 0 0 0 0 0 0 1 1 1 1 1 1 1 1 1 1 1 1 1 1 3 3 3 2 2 3 5 4 6 8 14 20 20 23 27 33 32 18 11 11 11 11 14 28 44 51 52 50 57 59 50 31 21 36 # 69 777
r50 w10 0 1 0 1 0 0 0 0 0 0 0 0 0 0 0 0 0 0 0 0 0 0 0 0 0 0 0 1 0 1 1 1 1 1 0 2 2 1 1 1 1 1 2 5 14 15 19 24 30 29 22 11 10 10 10 12 17 38 43 47 45 48 52 54 43 29 19 33 # 68 698
r51 w12 2 1 0 0 0 w2 0 0 0 0 0 0 0 0 0 0 0 0 0 0 0 0 0 0 0 0 0 1 1 1 1 0 0 2 0 1 1 1 2 3 4 8 14 18 22 26 20 11 9 9 9 10 12 17 31 42 43 41 45 47 50 37 22 18 29 # 64 611
r52 w13 0 0 0 w3 0 0 0 0 0 0 0 0 0 0 0 0 0 0 0 0 0 0 0 0 0 0 1 1 1 0 0 0 2 1 1 2 2 2 3 6 12 14 17 19 13 8 8 8 9 10 12 23 36 39 40 37 41 42 45 32 18 17 35 # 62 557
r53 w14 0 w1 0 0 0 w1 0 0 0 0 0 0 0 0 0 0 0 0 0 0 0 0 0 0 0 0 0 0 0 0 0 0 1 2 1 2 2 1 2 3 7 9 11 13 14 9 7 7 8 9 9 15 29 33 34 35 30 36 38 41 27 15 19 35 # 62 504
r54 w22 0 0 0 0 0 0 0 0 0 0 0 0 0 0 0 0 0 0 0 0 0 0 0 0 1 2 2 2 1 2 2 2 3 7 9 11 7 6 8 8 8 8 9 17 28 28 29 29 29 32 36 35 20 12 20 31 # 56 444
r55 w26 0 0 0 0 0 0 0 w1 0 0 0 0 0 0 0 0 0 0 0 1 1 1 1 1 1 2 2 3 5 4 6 6 6 7 7 8 8 9 10 20 23 24 24 20 24 30 33 27 16 10 16 29 # 51 385
r56 w26 0 0 w2 0 0 0 0 0 0 0 0 0 0 0 0 0 0 0 1 1 1 1 1 1 1 2 3 5 6 6 6 7 7 7 8 8 9 13 17 18 20 17 14 20 27 27 18 10 9 19 31 # 50 341
r57 w26 1 0 w3 0 0 0 0 0 0 0 0 w1 0 0 0 0 0 1 1 1 1 1 1 1 2 3 5 6 7 7 7 7 8 8 9 18 17 14 15 15 12 11 17 26 19 10 8 8 22 29 # 48 318
r58 w25 0 0 w5 0 0 0 0 0 0 0 0 w1 0 0 0 0 0 0 1 1 1 1 1 1 3 4 5 7 7 8 8 8 9 10 14 13 10 11 9 9 10 17 21 13 7 6 12 22 24 # 47 273
r59 w26 0 w3 0 0 0 0 0 0 0 0 0 0 0 w1 0 0 w1 0 0 0 1 1 1 1 1 3 5 6 7 7 8 9 9 9 10 12 9 8 8 7 7 11 15 16 9 6 5 11 18 17 # 47 237
r60 w26 0 w3 0 0 0 0 0 0 0 0 0 0 0 0 w1 0 0 0 0 0 0 0 0 1 2 4 5 6 7 8 9 9 10 10 11 11 9 8 7 7 7 8 8 6 5 5 5 9 10 6 # 48 193
r61 w34 0 0 0 0 0 0 0 0 0 w1 0 0 0 0 0 0 0 1 2 4 6 7 8 8 9 10 10 11 12 12 10 9 8 7 6 5 4 3 4 4 4 4 4 4 # 43 176
r62 w35 0 0 0 0 0 0 0 0 0 0 0 0 0 0 0 0 1 2 3 5 7 7 9 10 11 12 12 13 12 11 10 8 8 7 5 3 3 3 3 3 3 3 3 # 43 177
r63 w36 0 0 0 0 0 0 0 0 0 0 0 0 0 0 0 1 1 3 5 6 8 10 10 10 12 14 17 13 12 10 9 8 8 6 4 2 2 2 2 2 2 2 # 42 181
r64 w38 0 0 0 0 0 0 0 0 0 0 0 0 0 1 1 3 5 7 8 9 10 11 14 15 14 15 14 12 10 9 8 6 4 2 2 2 2 2 1 2 # 40 189
r65 w42 0 0 0 0 0 0 0 0 0 1 1 2 4 6 8 8 10 11 13 17 17 13 11 10 9 8 8 6 4 3 2 2 2 1 1 1 # 36 179
r66 w43 0 0 0 0 0 0 0 1 1 1 2 3 4 6 8 9 10 12 16 16 13 10 9 8 7 6 5 4 2 1 1 1 1 1 1 # 35 159
r67 w43 0 0 0 0 0 0 1 1 1 1 2 2 4 5 8 9 10 12 14 14 13 9 8 7 6 4 3 2 2 1 1 1 1 1 1 # 35 144
r68 w44 0 0 0 0 0 1 1 1 2 2 3 3 5 7 9 10 13 12 12 11 7 6 5 5 3 3 2 2 1 1 1 1 1 1 # 34 131
r69 w45 0 0 0 0 0 1 1 2 2 3 4 5 6 9 10 11 11 10 7 4 4 3 3 2 2 2 2 1 1 0 0 0 0 # 33 106
r70 w45 0 0 0 0 0 1 1 2 3 4 6 7 9 10 11 10 9 7 5 4 3 3 2 2 2 2 2 1 0 0 0 0 0 # 33 106
r71 w44 0 0 0 0 0 0 1 2 3 5 7 11 14 19 22 20 13 10 7 6 4 3 3 2 2 2 3 1 0 0 0 0 0 0 # 34 160
r72 w45 0 0 0 0 1 2 3 5 8 13 22 25 20 18 19 26 15 10 7 4 3 3 3 3 2 2 1 0 0 0 0 0 0 # 33 215
r73 w45 0 0 0 0 1 3 5 9 15 27 19 18 18 18 18 20 27 12 7 5 3 3 4 3 3 1 0 0 0 0 0 0 0 # 33 239
r74 w45 0 0 0 1 2 4 8 14 24 24 18 18 18 18 18 18 25 15 8 6 4 3 6 5 1 0 0 0 0 0 0 w2 # 31 258
r75 w46 0 0 1 3 6 11 20 30 21 18 18 18 18 18 18 19 18 9 6 5 4 4 4 1 1 0 0 0 w4 # 28 271
r76 w46 0 0 1 4 7 12 24 30 27 18 18 18 18 18 18 19 17 8 5 4 4 4 1 0 0 0 0 w5 # 27 275
r77 w47 0 1 3 9 23 28 40 24 19 18 18 18 18 18 19 10 5 4 4 3 2 1 1 0 w7 # 24 286
r78 w47 0 1 5 6 7 24 25 32 20 18 18 18 18 17 10 4 3 2 3 5 5 3 w9 # 22 244
r79 w49 1 2 7 10 10 13 14 24 19 17 11 6 3 1 1 0 1 5 6 5 w9 # 20 156
r80 w51 0 2 2 6 7 9 8 6 1 0 w5 1 2 4 w9 # 13 48
r81 w56 0 w21 # 1 0
