# USGS 10-m Digital Elevation Model (DEM): Hawaii: Oahu, served by PacIOOS ERDDAP (dataset usgs_dem_10m_oahu),
# subsampled every 54th cell in latitude and longitude (index constraint [0:54:4942][0:54:6828]); retrieved 2026-09-26.
# Grid: 92 rows (latitude 21.709820012188455 N, descending by 0.005000284320892945 deg) x 127 columns
# (longitude -158.28092225298528 E, ascending by 0.005000284320885839 deg); values are elevation / 5 m, rounded;
# "wN" = N cells without data (ocean). Each row ends with "# <land cells> <sum of values>" as a checksum.
r0 w60 1 w66 # 1 1
r1 w57 1 w1 0 0 0 0 w64 # 5 1
r2 w55 0 0 0 0 0 0 0 0 0 0 w62 # 10 0
r3 w53 0 0 1 1 1 1 2 1 1 0 0 0 0 w61 # 13 8
r4 w52 1 3 5 6 9 10 20 16 7 6 4 0 0 0 0 w60 # 15 87
r5 w50 0 2 24 29 29 27 11 18 23 12 13 7 5 2 1 0 0 1 w59 # 18 204
r6 w49 1 5 18 32 31 25 35 23 23 22 26 17 15 13 7 2 1 0 1 w59 # 19 297
r7 w49 4 26 23 30 33 28 41 36 30 23 32 25 21 15 6 6 4 2 0 0 0 w57 # 21 385
r8 w47 1 3 25 28 28 28 35 38 53 39 39 23 30 32 27 13 11 12 3 5 1 1 w58 # 22 475
r9 w46 1 11 27 18 30 31 36 39 49 49 58 34 46 39 35 25 27 19 13 10 8 0 0 1 w57 # 24 606
r10 w45 1 7 20 32 32 22 23 32 37 34 57 57 49 47 49 35 44 22 21 15 10 2 6 5 1 0 w56 # 26 660
r11 w44 1 20 22 33 28 34 34 27 39 40 51 46 71 55 62 56 36 37 34 26 17 4 15 10 7 2 1 w56 # 27 808
r12 w44 3 23 30 33 33 44 40 35 37 33 45 49 74 67 85 58 48 48 31 22 12 15 12 9 3 0 1 0 w55 # 28 890
r13 w44 15 24 30 37 43 43 43 58 52 40 54 65 64 78 86 68 64 53 39 20 10 22 23 9 5 3 3 0 0 w54 # 29 1051
r14 w45 24 29 30 40 45 50 54 49 57 61 67 74 82 86 77 76 56 35 35 17 25 14 17 11 5 4 1 1 w54 # 28 1122
r15 w43 15 20 20 11 14 19 24 30 31 34 39 45 53 64 92 95 90 75 61 56 34 27 27 27 22 16 25 4 1 3 w54 # 30 1074
r16 w42 2 19 22 23 29 14 14 26 45 46 43 39 41 50 71 74 97 102 98 98 57 51 49 41 21 32 16 17 16 3 2 w54 # 31 1258
r17 w41 1 16 13 25 29 27 34 15 21 45 47 40 39 45 56 60 80 71 74 93 95 68 75 54 40 34 24 28 19 9 15 2 w54 # 32 1294
r18 w40 4 13 19 24 27 26 35 41 42 50 46 49 58 41 39 59 56 62 71 80 91 100 94 72 61 53 55 56 43 24 19 21 6 1 w53 # 34 1538
r19 w38 0 1 5 14 21 24 30 35 37 37 46 52 50 43 47 46 56 63 51 51 71 87 93 111 106 95 90 61 53 51 44 18 52 40 4 2 w53 # 36 1687
r20 w37 0 1 3 11 16 20 26 30 34 36 39 46 53 52 62 46 56 58 54 72 80 54 61 76 100 112 115 101 91 65 56 31 40 64 20 23 6 0 w52 # 38 1810
r21 w36 0 0 2 10 15 18 22 27 33 37 43 39 46 51 54 53 56 69 57 60 58 71 86 62 68 76 92 121 117 109 97 65 65 65 30 32 24 18 2 0 0 w50 # 41 1950
r22 w36 0 1 8 11 14 20 26 31 37 38 44 45 46 56 60 66 68 71 59 75 81 77 72 86 76 97 93 110 129 125 91 90 92 48 49 51 43 31 23 1 0 w50 # 41 2241
r23 w36 0 4 8 12 14 21 25 29 37 41 46 49 52 56 55 62 72 71 71 79 82 74 83 84 89 104 108 108 118 129 110 96 114 42 92 63 24 50 45 5 1 0 w49 # 42 2425
r24 w34 0 0 3 8 10 2 3 6 28 34 38 40 41 49 52 58 59 64 58 71 78 78 86 77 93 95 99 97 113 115 118 137 129 139 133 96 86 75 83 74 25 6 16 0 0 w48 # 45 2672
r25 w33 0 0 1 3 10 13 16 17 24 29 34 37 23 19 30 24 27 56 59 47 70 69 60 69 70 84 74 82 91 91 95 111 116 130 145 125 90 115 52 100 55 28 21 46 12 0 w48 # 46 2470
r26 w14 1 0 0 0 0 1 0 0 0 w1 0 0 0 0 0 0 0 1 0 0 0 0 2 9 11 17 26 26 32 36 41 43 45 48 54 54 62 60 40 53 42 47 52 53 65 75 72 73 95 83 96 100 110 121 141 113 113 108 121 83 64 50 57 24 1 0 w47 # 65 2621
r27 w1 2 7 13 14 21 25 36 43 45 35 16 8 11 12 4 0 0 0 1 1 1 0 1 1 1 0 0 1 1 1 1 1 0 1 4 1 8 7 20 23 28 34 28 41 44 47 49 55 58 64 64 66 73 46 61 72 67 72 93 69 76 89 94 101 120 138 138 142 139 122 133 129 87 123 60 22 7 2 0 0 w46 # 80 3220
r28 w3 30 55 52 60 43 58 68 75 70 68 52 67 20 25 6 4 4 4 3 2 2 3 3 3 2 3 2 3 2 2 0 2 6 11 14 18 22 12 29 33 36 42 32 34 51 52 61 65 63 72 75 75 81 73 77 68 69 92 82 98 111 117 122 126 142 148 160 152 154 137 134 64 42 20 5 2 28 24 1 w45 # 79 3925
r29 w4 14 67 63 74 69 65 82 79 81 77 76 60 58 31 18 15 11 10 11 4 6 8 9 7 5 5 5 5 1 0 3 5 11 17 22 26 28 32 36 39 45 44 47 48 58 62 67 53 64 65 63 66 68 85 96 100 92 87 84 94 114 108 114 127 131 154 169 163 134 150 73 42 20 5 22 64 52 4 w45 # 78 4269
r30 w5 3 49 50 58 88 83 92 95 86 93 73 73 72 59 28 32 36 33 23 23 17 14 10 7 8 8 7 1 5 6 10 9 16 18 23 27 36 39 43 28 48 51 55 59 63 64 66 70 73 79 81 85 70 73 77 86 93 107 90 96 109 110 124 129 148 166 166 157 153 80 34 16 15 52 57 32 0 w45 # 77 4515
r31 w7 1 9 43 70 92 108 97 102 83 77 76 67 60 53 41 58 37 32 30 23 27 15 14 13 11 2 8 9 14 11 24 28 32 35 39 37 44 45 48 50 38 57 52 56 61 69 65 74 79 84 82 97 90 105 110 94 95 113 110 111 114 130 128 145 163 168 150 75 39 20 25 59 28 7 0 0 10 53 4 0 w40 # 80 4625
r32 w8 1 24 55 100 92 112 110 102 93 106 83 88 80 57 67 68 56 25 46 39 26 28 13 15 12 13 10 20 26 26 15 35 40 44 46 46 49 51 54 57 56 46 66 70 71 74 76 79 84 78 80 90 97 99 97 97 103 112 108 121 126 132 142 161 165 127 66 45 27 33 44 11 1 0 10 33 70 32 9 w40 # 79 4968
r33 w9 30 65 87 95 72 63 81 106 113 105 104 100 76 82 85 48 27 64 53 40 29 38 20 32 32 36 8 30 34 35 21 43 48 46 50 52 54 55 58 61 46 64 69 71 74 74 76 79 74 79 82 87 85 99 99 109 109 107 118 118 131 141 162 164 129 85 51 30 51 47 9 1 20 33 90 105 79 15 0 w39 # 79 5340
r34 w10 26 32 33 38 41 42 72 111 123 120 115 105 110 71 65 36 80 66 62 52 45 35 59 36 47 18 19 13 42 45 39 50 52 52 53 54 57 58 62 65 66 67 66 69 69 67 64 73 65 67 70 87 92 85 87 96 101 106 112 131 141 143 153 89 68 49 34 32 17 3 1 18 56 109 94 69 16 1 w39 # 78 5034
r35 w11 4 14 18 19 35 71 103 137 139 133 118 103 77 70 56 76 93 78 45 56 45 50 61 46 34 43 33 30 47 49 51 34 52 52 55 57 58 61 64 65 65 67 68 69 69 72 78 81 84 89 100 96 89 100 95 94 102 109 114 117 135 150 93 68 44 51 18 8 10 9 13 28 113 66 34 7 4 28 w38 # 78 5069
r36 w11 2 7 13 19 22 40 55 63 75 121 145 121 105 71 68 70 109 73 61 61 68 67 84 48 49 62 49 51 21 53 55 55 42 54 54 55 58 61 61 63 63 65 67 66 73 71 79 74 78 80 93 92 102 108 99 96 106 103 115 121 131 148 96 71 62 36 19 19 20 15 15 34 61 26 12 5 32 44 0 w37 # 79 5008
r37 w11 21 9 20 17 29 33 38 55 61 88 149 121 107 102 89 93 128 104 74 97 82 97 73 97 78 91 79 72 44 56 56 56 55 54 52 57 58 58 59 58 63 65 67 60 62 75 69 70 76 78 92 86 77 82 96 101 117 98 107 106 127 147 152 71 44 23 28 37 42 15 15 36 50 17 14 38 98 31 0 w37 # 79 5399
r38 w11 39 23 33 47 53 56 66 73 87 95 132 167 140 124 102 130 154 131 100 125 99 120 117 124 96 78 73 73 59 41 57 57 58 58 55 57 57 57 56 60 60 63 65 65 71 71 77 79 76 83 77 93 89 82 85 87 98 85 92 89 112 125 140 68 52 34 30 68 39 32 36 34 21 22 52 69 35 8 0 w37 # 79 5893
r39 w11 1 23 65 110 115 145 135 127 148 130 110 110 135 148 152 172 193 142 139 158 157 137 129 141 93 75 65 59 56 54 56 57 57 58 56 56 59 59 60 59 60 62 62 67 71 72 70 73 64 69 64 62 67 69 73 79 77 80 88 84 95 118 116 115 76 54 34 55 70 86 83 48 24 33 28 14 4 0 0 w37 # 79 6467
r40 w11 2 8 32 66 78 84 107 149 106 92 81 85 104 128 204 225 234 207 172 172 121 105 107 95 88 77 64 58 61 59 43 54 54 53 54 56 55 58 59 59 60 59 55 57 66 69 71 67 72 65 75 92 79 99 81 86 86 94 108 111 117 120 127 125 120 65 57 53 61 55 62 58 20 8 4 0 0 0 0 w37 # 79 6320
r41 w11 5 16 32 41 64 78 117 133 83 73 76 114 119 124 146 182 239 228 192 163 124 104 87 77 68 64 63 64 60 60 57 52 55 54 51 53 53 56 57 57 51 59 60 63 66 67 68 72 74 77 84 78 79 93 92 76 99 98 85 98 93 96 111 122 135 94 94 87 41 30 21 33 64 21 3 w41 # 75 6125
r42 w11 2 30 49 64 74 84 128 111 61 58 85 120 158 119 130 179 215 188 161 144 117 102 89 78 74 68 64 62 60 60 57 57 55 54 53 49 54 55 51 52 55 56 59 62 64 65 66 71 63 70 68 76 84 77 75 70 84 78 73 91 91 102 109 116 127 132 128 71 61 48 26 10 12 46 13 w41 # 75 5970
r43 w11 15 27 65 101 133 145 107 60 41 67 83 108 128 100 105 118 130 180 183 155 142 112 93 81 74 66 63 64 62 60 59 57 56 54 53 53 52 51 53 53 54 53 56 54 56 61 55 61 59 69 72 82 65 65 74 85 92 80 83 78 83 94 97 102 109 120 157 136 59 38 27 17 12 5 1 2 w40 # 76 5822
r44 w11 20 61 84 100 113 87 43 29 44 65 105 149 148 90 80 90 101 114 175 191 148 116 94 79 75 71 68 66 63 61 59 58 56 55 53 53 53 51 52 52 51 51 52 52 56 55 53 54 54 55 55 57 63 68 66 65 87 88 102 105 104 121 121 111 108 120 146 114 56 39 42 18 7 9 2 1 w40 # 76 5680
r45 w11 43 38 20 33 48 25 19 29 45 68 120 172 87 68 66 74 89 84 107 173 134 133 102 86 73 67 67 65 59 60 55 55 55 54 52 52 52 53 51 51 51 53 54 54 58 56 58 52 55 61 63 53 65 70 79 85 84 94 92 101 117 122 86 89 112 108 128 159 74 46 25 14 12 10 6 1 w40 # 76 5231
r46 w11 1 2 0 8 12 13 18 24 43 99 167 125 66 55 49 47 57 70 94 153 156 171 117 86 86 75 79 72 68 61 60 58 56 54 50 50 50 50 50 50 51 52 53 52 41 55 54 57 60 62 61 54 61 61 77 62 68 91 87 83 95 80 97 116 96 123 132 161 94 38 39 19 12 5 4 4 1 w39 # 77 4960
r47 w13 2 4 8 10 13 17 44 129 134 61 45 39 36 32 44 63 96 63 59 77 107 99 117 99 86 78 68 67 59 58 57 55 53 49 43 45 48 47 48 47 39 48 49 48 52 53 57 53 48 63 47 58 69 77 75 67 77 63 67 92 85 88 110 105 118 161 95 57 33 17 17 25 19 27 8 w39 # 75 4473
r48 w13 1 2 3 5 8 25 78 47 41 37 26 27 24 30 38 40 41 37 42 114 55 85 161 126 105 83 74 70 86 65 57 53 51 50 49 41 44 47 44 45 46 44 46 47 46 50 44 55 43 45 64 62 61 59 51 61 70 81 85 95 91 84 72 91 113 140 59 35 32 42 28 25 6 5 0 w39 # 75 4035
r49 w14 1 1 2 14 68 25 15 14 13 17 19 18 17 17 15 20 22 36 74 41 62 113 126 117 92 93 90 81 61 56 54 51 49 48 47 40 37 39 35 43 42 44 46 47 33 48 43 43 59 63 64 72 76 70 78 76 74 69 67 59 84 80 92 90 131 116 102 118 54 25 17 8 7 1 w39 # 74 3881
r50 w15 0 1 1 6 2 2 5 10 13 15 39 12 11 12 15 16 18 27 37 66 102 140 131 115 134 115 82 63 57 51 51 49 47 46 45 36 34 39 41 43 44 44 39 31 42 49 54 57 59 52 62 56 56 72 82 50 62 62 54 68 101 102 94 114 132 157 168 76 30 17 10 8 1 0 w14 0 w6 2 w16 # 76 3836
r51 w16 0 1 1 2 1 3 6 10 13 4 7 7 10 12 14 17 22 35 60 77 99 159 123 118 95 84 68 57 52 48 47 45 45 43 37 40 42 41 44 44 38 27 36 45 44 49 47 47 44 52 64 58 62 66 44 77 84 75 70 68 66 73 81 102 138 146 106 66 60 21 6 2 1 1 9 w11 0 1 1 5 1 w2 9 24 6 w15 # 83 3655
r52 w17 0 0 0 2 3 7 8 2 3 5 6 8 10 12 16 21 33 47 67 90 153 134 121 96 70 64 57 52 50 47 42 44 43 30 42 42 41 42 44 41 31 42 44 36 38 47 46 50 53 52 40 55 32 71 58 43 49 60 81 99 100 101 117 127 141 59 35 21 9 10 4 5 2 7 14 4 8 w7 0 0 0 1 7 0 1 2 6 9 0 w15 # 88 3412
r53 w19 1 3 37 34 2 2 2 4 5 6 8 11 14 20 32 48 78 127 139 121 94 78 71 63 54 54 49 47 44 42 41 28 40 38 37 38 37 22 37 31 40 42 42 40 48 51 48 51 25 45 34 65 69 76 70 71 81 81 78 108 83 98 124 64 27 22 26 40 12 4 5 1 13 25 5 w7 0 0 0 0 1 0 1 1 w18 # 83 3356
r54 w19 1 3 4 2 1 2 3 3 3 5 8 10 14 19 30 49 76 161 145 117 116 88 69 59 55 50 47 41 40 39 38 25 36 35 36 35 22 34 34 29 32 34 41 35 42 42 45 20 34 40 65 57 61 57 78 66 87 86 66 65 83 95 122 122 80 60 62 28 12 10 7 2 9 22 9 2 w8 0 0 0 0 0 1 w18 # 82 3363
r55 w20 5 15 2 2 1 2 2 3 6 8 12 16 21 26 49 89 103 111 154 103 81 68 60 56 51 44 44 41 38 31 26 35 34 34 32 30 31 31 32 33 36 36 37 39 35 19 41 46 47 43 57 59 50 49 78 51 65 62 92 112 93 99 110 140 118 33 25 20 34 11 8 7 6 0 1 w10 0 0 0 0 0 w17 # 80 3321
r56 w20 1 1 1 2 3 4 2 3 6 8 13 18 25 33 42 56 72 91 127 99 86 69 59 49 49 45 43 38 31 29 24 34 32 30 27 28 29 29 28 32 29 31 26 35 32 35 44 52 57 52 26 31 32 36 52 45 72 71 87 82 56 96 90 101 131 102 104 69 22 16 11 26 4 0 1 2 w8 0 w1 0 0 0 w18 # 80 3156
r57 w21 0 0 4 4 4 4 4 5 8 12 16 26 42 56 78 86 112 127 101 89 65 56 51 44 44 41 39 37 35 32 30 30 29 14 27 27 26 26 25 23 26 30 10 30 33 40 38 21 51 59 56 68 70 58 74 88 96 60 47 50 67 82 84 87 111 144 107 91 24 26 22 8 9 3 4 2 0 w6 3 15 2 0 w19 # 81 3375
r58 w21 1 0 3 4 3 4 4 5 7 10 25 44 58 70 83 138 156 141 111 81 66 51 45 44 39 40 38 36 34 32 15 28 27 21 25 24 23 22 20 22 23 27 14 27 29 17 39 42 42 55 56 60 58 83 71 50 50 39 56 63 71 69 83 87 112 124 153 159 139 34 20 16 12 7 6 7 5 1 w5 15 9 2 w20 # 81 3632
r59 w21 1 0 2 3 3 3 4 4 5 17 50 102 122 122 140 176 155 110 89 78 62 53 47 40 37 37 37 35 33 31 15 25 24 20 22 21 21 18 19 17 20 10 9 20 27 27 27 25 42 51 58 54 60 66 57 24 39 73 74 89 87 87 96 112 125 96 129 141 117 46 34 17 12 10 7 5 4 3 w4 2 10 11 1 w20 # 82 3804
r60 w21 0 0 2 3 4 4 3 5 17 36 97 82 82 87 113 136 150 114 91 74 60 50 45 41 35 34 34 32 31 29 26 7 20 19 18 18 19 9 14 13 5 14 18 18 20 18 25 26 31 43 44 49 58 27 33 47 56 65 53 56 79 100 60 67 71 80 102 142 100 42 26 17 14 11 9 3 3 1 0 2 4 2 24 17 2 w21 # 85 3338
r61 w21 1 6 4 4 32 5 2 10 73 64 53 46 56 71 89 123 137 105 94 75 56 43 40 39 37 34 32 30 28 26 24 21 7 16 15 14 13 8 9 2 9 9 12 15 12 19 20 27 30 39 44 42 44 22 44 48 39 59 83 84 51 38 55 58 58 63 96 122 64 36 25 35 21 13 5 5 5 3 6 21 30 26 1 0 0 w21 # 85 3082
r62 w22 11 17 6 4 3 2 8 57 70 35 37 48 68 85 142 136 109 90 68 58 46 41 34 35 33 28 27 25 23 21 18 5 10 11 9 9 4 2 7 6 7 8 8 12 13 12 18 25 12 15 28 43 42 34 55 65 67 63 45 33 75 104 92 80 88 117 117 114 82 70 83 39 16 7 7 7 5 8 37 20 4 0 0 0 w21 # 84 3225
r63 w24 1 1 2 3 4 52 36 19 29 67 104 123 144 131 117 107 85 87 52 38 31 32 30 27 24 22 20 17 14 11 8 7 5 5 5 6 4 2 3 6 6 7 9 8 8 9 23 27 19 38 47 50 47 56 27 29 42 75 89 75 66 79 78 76 55 78 112 156 105 31 17 10 12 12 13 16 39 22 7 2 0 0 0 w4 1 8 w14 # 85 3167
r64 w26 1 4 17 9 12 15 31 49 73 114 127 128 110 101 86 66 47 39 32 27 25 24 20 20 17 12 9 3 6 3 1 3 2 1 1 0 2 1 2 2 0 4 8 10 5 20 26 32 33 44 46 18 60 57 79 74 45 60 74 63 47 49 66 78 98 143 74 27 17 12 16 18 19 22 29 13 28 12 1 0 0 10 0 w2 1 3 1 w13 # 86 2784
r65 w27 0 1 6 5 27 56 64 92 130 124 99 112 98 85 58 39 35 26 22 22 14 18 14 11 7 4 5 1 1 0 2 w2 0 0 0 w2 0 0 3 2 4 9 13 19 27 35 29 18 30 42 60 67 30 77 83 43 34 51 63 84 109 110 154 123 43 22 14 11 14 14 19 23 41 51 14 0 5 6 4 7 w1 0 1 14 23 0 w12 # 83 2823
r66 w27 0 1 0 20 70 83 97 107 110 108 96 85 81 72 61 48 37 24 21 17 12 12 10 6 4 1 2 0 0 0 0 w3 0 1 w5 0 4 3 6 13 20 24 9 31 27 39 37 27 66 43 26 48 71 74 86 98 88 111 110 80 86 41 21 18 19 19 19 25 16 14 2 0 7 9 22 0 0 0 4 20 18 25 0 w11 # 81 2712
r67 w28 0 4 57 59 63 93 97 99 104 83 74 59 65 52 47 32 18 16 14 12 10 6 6 4 1 w2 0 1 0 0 w3 0 w7 3 5 7 8 6 12 14 13 30 39 21 18 35 71 82 58 88 92 108 82 59 60 56 63 99 43 30 22 22 23 22 13 4 2 1 11 11 13 1 2 1 3 7 1 0 w12 # 75 2437
r68 w29 1 31 44 67 70 72 83 78 73 64 63 43 34 31 22 14 12 11 10 9 5 2 3 1 w3 1 1 1 w5 0 0 w3 1 1 1 2 4 6 15 22 25 18 14 38 52 65 49 62 75 69 77 50 42 46 55 60 103 152 133 85 44 45 49 24 14 5 5 2 16 17 19 5 1 15 13 11 0 0 w12 # 75 2453
r69 w30 11 35 54 47 64 68 67 58 58 58 48 43 33 22 12 10 9 9 8 7 1 0 w4 2 2 2 1 2 1 w1 1 1 1 w3 0 1 4 6 10 16 18 13 7 22 33 44 43 26 66 50 78 39 34 32 39 47 93 97 125 123 92 72 68 92 74 40 26 9 3 10 33 40 24 12 4 12 8 3 0 0 w12 # 77 2423
r70 w30 1 6 30 47 44 50 55 54 50 53 38 56 37 24 9 9 9 7 6 6 1 1 w5 1 w1 2 1 1 w1 1 1 w3 0 5 3 5 8 4 3 3 11 15 21 18 29 20 30 58 63 30 26 41 57 82 90 112 85 98 71 65 65 77 123 153 80 46 17 7 14 29 64 39 20 8 10 3 2 0 0 w12 # 75 2410
r71 w31 5 15 37 28 39 39 41 35 40 36 25 29 14 7 7 7 6 5 5 3 3 1 2 2 w4 1 1 1 w6 1 2 2 5 15 17 7 0 3 5 8 7 20 17 33 51 34 21 57 49 56 86 102 67 60 57 62 61 69 118 151 135 56 33 18 17 11 22 52 49 35 16 4 1 1 1 1 w12 # 74 2129
r72 w31 7 16 17 19 28 27 24 32 32 22 19 17 7 6 6 5 5 4 4 3 2 2 2 2 2 1 0 w3 1 w1 1 1 1 1 1 1 2 4 7 13 3 1 0 1 1 2 9 8 20 28 27 13 38 31 69 72 72 60 45 46 50 58 62 107 121 146 105 44 34 30 22 14 28 36 31 17 5 2 1 1 1 2 0 w11 # 81 1807
r73 w31 1 3 6 12 17 16 20 24 21 15 9 8 5 5 5 5 4 4 3 2 2 1 2 2 1 1 0 0 0 1 w2 1 1 1 1 1 2 2 3 4 4 6 4 3 4 0 4 2 6 15 10 10 16 31 44 67 43 36 32 36 53 71 80 99 125 118 136 79 46 37 36 39 26 22 39 14 8 5 4 2 2 1 0 1 w11 # 83 1627
r74 w31 0 2 2 5 7 7 10 20 16 7 7 5 4 4 4 4 3 3 3 2 2 2 2 2 1 1 1 0 1 1 w2 0 1 1 1 1 1 1 1 2 2 2 3 3 0 0 1 1 5 6 5 11 27 39 45 46 24 25 29 48 85 83 101 52 51 96 111 123 66 70 53 46 42 51 20 15 9 8 5 5 3 3 1 1 1 w10 # 84 1560
r75 w32 1 1 2 3 4 5 6 5 5 7 4 4 4 3 3 3 3 2 2 2 2 2 1 1 1 1 1 1 1 0 w1 1 1 1 0 0 0 0 0 1 1 1 1 1 1 0 0 1 2 4 5 5 10 28 21 17 20 21 43 63 60 94 114 45 31 35 68 92 134 131 87 78 79 64 34 22 14 12 10 10 7 5 4 4 1 1 w9 # 85 1565
r76 w32 1 1 2 4 4 4 4 4 3 4 4 3 3 3 3 3 2 2 2 2 2 1 1 1 1 1 1 1 0 0 w2 0 0 0 0 0 0 0 0 0 1 0 0 0 w1 0 1 2 2 1 1 11 15 14 15 25 52 29 67 79 90 88 35 19 22 42 100 81 106 94 112 128 131 105 50 35 24 20 29 29 11 8 4 1 1 0 w8 # 84 1747
r77 w32 0 1 1 2 3 3 3 4 3 3 3 0 3 3 3 2 2 2 2 2 1 1 1 1 1 1 1 0 0 w1 0 w1 0 0 0 0 1 1 0 1 0 0 0 0 w2 0 0 1 1 0 1 4 5 9 10 28 18 59 67 73 79 81 23 16 41 57 83 61 91 68 104 100 121 118 141 138 110 76 121 46 19 14 13 9 6 8 12 1 w6 # 85 2088
r78 w33 0 1 2 2 2 2 3 3 2 2 3 2 2 1 2 2 1 1 1 1 1 1 1 1 1 0 0 0 0 w2 0 0 0 0 0 0 0 0 0 0 w4 0 0 w1 0 0 1 2 3 5 7 10 33 46 28 54 75 23 14 20 33 64 75 54 66 89 79 81 78 101 94 99 107 120 74 93 43 62 52 41 61 60 52 72 56 w5 # 82 2167
r79 w33 0 1 1 1 1 1 2 2 2 2 2 2 2 1 1 2 1 1 1 1 1 0 0 0 0 0 w8 0 w1 0 0 0 0 w8 0 0 0 0 2 8 24 12 19 32 31 65 30 11 11 17 46 64 38 46 57 89 85 83 53 96 89 79 89 94 43 69 77 58 72 56 33 33 28 33 38 32 4 w3 # 74 1874
r80 w33 0 1 1 1 1 1 1 2 2 2 2 1 1 1 1 1 1 1 1 0 0 0 w12 0 0 0 0 0 0 0 0 w4 0 0 0 0 w1 1 1 8 16 6 9 11 32 19 13 10 10 21 71 34 26 38 83 71 60 93 42 48 71 56 69 63 24 62 45 21 42 24 6 26 11 31 31 13 34 20 14 24 # 77 1432
r81 w34 0 0 1 1 1 1 1 1 1 1 1 1 0 0 0 0 0 w16 0 0 0 0 0 0 0 0 w5 0 0 w2 0 1 2 3 3 4 5 14 11 8 10 48 57 44 17 27 41 40 76 71 69 24 51 63 53 45 59 18 50 26 8 29 42 2 20 2 28 20 5 13 17 2 18 # 70 1156
r82 w34 0 0 0 0 1 0 1 1 0 0 w38 0 0 0 0 0 1 1 2 2 4 5 5 29 33 44 13 19 48 28 75 53 68 67 15 65 64 33 52 49 9 42 23 4 28 28 w1 2 1 26 9 5 2 1 0 2 # 54 960
r83 w83 2 0 0 0 0 0 0 0 1 2 1 7 25 10 11 46 53 23 61 30 56 60 10 20 62 17 46 32 4 36 3 1 15 5 w1 0 4 12 6 3 1 0 w2 # 41 665
r84 w86 0 0 0 0 0 0 1 1 3 11 8 15 30 38 28 37 32 40 49 5 25 44 16 10 23 0 7 0 w1 2 0 0 5 28 21 7 2 0 w3 # 37 488
r85 w87 0 w1 0 0 0 0 1 3 8 9 11 9 9 24 10 14 31 22 2 1 25 2 0 12 0 0 0 0 0 0 2 17 65 21 2 w5 # 34 300
r86 w90 0 0 0 0 4 9 12 10 5 3 3 9 14 13 4 1 0 0 w8 1 4 12 14 6 w6 # 23 124
r87 w92 0 0 2 8 16 10 6 1 1 1 0 0 w1 0 w9 1 4 12 16 w8 # 17 78
r88 w92 0 1 3 7 10 4 2 1 0 w14 4 25 w1 3 w8 # 12 60
r89 w92 0 2 18 18 27 4 4 0 0 w13 2 22 25 12 w9 # 13 134
r90 w93 5 38 18 18 4 1 w16 4 w11 # 7 88
r91 w127 # 0 0
